hops,task_id,data_dir,Training Size,Validation Size,Testing Size
6,3,data/tasks_1-20_v1-2/en-10k,9000,1000,1000

Epoch,Total cost,Training accuracy,Validation Accuracy
10,6146.28105259,0.787666666667,0.77
20,5786.62042952,0.832555555556,0.798
30,3520.86703289,0.881333333333,0.828
40,3112.74244916,0.901444444444,0.845
50,2852.61419362,0.912555555556,0.844
60,1716.19296217,0.947555555556,0.834
70,1477.32971901,0.950888888889,0.838
80,1008.80026111,0.969555555556,0.838
90,913.616364293,0.973111111111,0.832
100,796.878749169,0.976222222222,0.84

Testing Accuracy:,0.78



hops,task_id,data_dir,Training Size,Validation Size,Testing Size
7,3,data/tasks_1-20_v1-2/en-10k,9000,1000,1000

Epoch,Total cost,Training accuracy,Validation Accuracy
10,4480.64694929,0.862,0.82
20,3573.26464665,0.887555555556,0.843
30,881.81927906,0.976333333333,0.921
40,500.939336896,0.989888888889,0.932
50,342.491311299,0.987888888889,0.922
60,15.995118496,0.999777777778,0.939
70,8.08241923398,0.999888888889,0.94
80,5.66336110851,0.999888888889,0.94
90,4.79792350752,0.999888888889,0.941
100,4.14992354473,0.999888888889,0.942

Testing Accuracy:,0.938



hops,task_id,data_dir,Training Size,Validation Size,Testing Size
8,3,data/tasks_1-20_v1-2/en-10k,9000,1000,1000

Epoch,Total cost,Training accuracy,Validation Accuracy
10,6238.37542725,0.782222222222,0.742
20,6009.24428749,0.764555555556,0.731
30,2606.33306843,0.923888888889,0.851
40,1251.7219319,0.951222222222,0.865
50,1018.01121489,0.979333333333,0.916
60,42.4706130498,0.999666666667,0.929
70,14.4294868317,1.0,0.931
80,9.28726581298,1.0,0.931
90,7.61910866189,1.0,0.932
100,6.4403450758,1.0,0.932

Testing Accuracy:,0.891



hops,task_id,data_dir,Training Size,Validation Size,Testing Size
9,3,data/tasks_1-20_v1-2/en-10k,9000,1000,1000

Epoch,Total cost,Training accuracy,Validation Accuracy
10,5246.72086811,0.818111111111,0.762
20,4649.46783257,0.864333333333,0.781
30,2089.88049477,0.937777777778,0.836
40,1460.73874269,0.956222222222,0.842
50,1289.05979332,0.959111111111,0.855
60,62.3176183873,0.999111111111,0.873
70,26.7995062028,0.999888888889,0.872
80,14.6315895622,1.0,0.876
90,11.4744351738,1.0,0.875
100,9.48375258199,1.0,0.873

Testing Accuracy:,0.857



hops,task_id,data_dir,Training Size,Validation Size,Testing Size
6,3,../familytask,9000,1000,10000

Epoch,Total cost,Training accuracy,Validation Accuracy
10,10481.7472076,0.500111111111,0.467
20,8711.09124851,0.627111111111,0.475
30,5407.63743305,0.778666666667,0.553
40,4687.03446722,0.789777777778,0.553
50,4513.2922349,0.810666666667,0.547
60,2522.09722972,0.911444444444,0.56
70,2171.62341166,0.929666666667,0.552
80,1468.29510522,0.955333333333,0.555
90,1282.36773342,0.962,0.548
100,1198.02124912,0.964777777778,0.534

Testing Accuracy:,0.5305



hops,task_id,data_dir,Training Size,Validation Size,Testing Size
7,3,../familytask,9000,1000,10000

Epoch,Total cost,Training accuracy,Validation Accuracy
10,10065.3745651,0.596666666667,0.506
20,7971.88646507,0.647,0.546
30,4532.72050905,0.832777777778,0.629
40,3749.27494597,0.850555555556,0.593
50,3452.35057592,0.838,0.599
60,1893.37438107,0.945,0.6
70,1667.42697239,0.942888888889,0.591
80,1108.07373273,0.969777777778,0.587
90,985.887162924,0.974,0.58
100,896.422798395,0.981888888889,0.581

Testing Accuracy:,0.5832



hops,task_id,data_dir,Training Size,Validation Size,Testing Size
8,3,../familytask,9000,1000,10000

Epoch,Total cost,Training accuracy,Validation Accuracy
10,9867.63064098,0.571444444444,0.45
20,8089.41977215,0.632888888889,0.48
30,4623.09935999,0.822777777778,0.518
40,4126.22225142,0.860444444444,0.54
50,3638.58957887,0.877444444444,0.54
60,1625.15469074,0.95,0.526
70,1301.49615079,0.959,0.524
80,815.903190345,0.977777777778,0.519
90,678.898866475,0.983888888889,0.51
100,560.129940748,0.988222222222,0.502

Testing Accuracy:,0.507



hops,task_id,data_dir,Training Size,Validation Size,Testing Size
9,3,../familytask,9000,1000,10000

Epoch,Total cost,Training accuracy,Validation Accuracy
10,8226.4548254,0.638,0.539
20,6434.4755888,0.765666666667,0.596
30,2741.08494639,0.906444444444,0.632
40,2186.4223063,0.937444444444,0.638
50,1775.61389399,0.940666666667,0.603
60,355.359432101,0.996555555556,0.616
70,202.741204061,0.999444444444,0.614
80,118.098012399,0.999777777778,0.615
90,99.0019482151,0.999777777778,0.614
100,85.7018808052,0.999777777778,0.617

Testing Accuracy:,0.6023



