hops,task_id,data_dir,Training Size,Validation Size,Testing Size
1,1,data/tasks_1-20_v1-2/en-10k,9000,1000,1000

Epoch,Total cost,Training accuracy,Validation Accuracy
10,1.34485525498,1.0,1.0
20,0.591929308604,1.0,1.0
30,0.405524857808,1.0,1.0
40,0.33566445933,1.0,1.0
50,0.285743824905,1.0,1.0
60,0.264733757067,1.0,1.0
70,0.247344811563,1.0,1.0
80,0.235290651122,1.0,1.0
90,0.228196232754,1.0,1.0
100,0.22137632448,1.0,1.0

Testing Accuracy:,1.0



hops,task_id,data_dir,Training Size,Validation Size,Testing Size
2,1,data/tasks_1-20_v1-2/en-10k,9000,1000,1000

Epoch,Total cost,Training accuracy,Validation Accuracy
10,1.04234530148,1.0,1.0
20,0.467407733086,1.0,1.0
30,0.322040047322,1.0,1.0
40,0.267011167249,1.0,1.0
50,0.22816017177,1.0,1.0
60,0.21162504566,1.0,1.0
70,0.198076944536,1.0,1.0
80,0.188550481689,1.0,1.0
90,0.18278998413,1.0,1.0
100,0.17742463859,1.0,1.0

Testing Accuracy:,1.0



hops,task_id,data_dir,Training Size,Validation Size,Testing Size
3,1,data/tasks_1-20_v1-2/en-10k,9000,1000,1000

Epoch,Total cost,Training accuracy,Validation Accuracy
10,0.855997742736,1.0,1.0
20,0.388136459049,1.0,1.0
30,0.269038489554,1.0,1.0
40,0.223960505275,1.0,1.0
50,0.191387384373,1.0,1.0
60,0.177849667816,1.0,1.0
70,0.166557596269,1.0,1.0
80,0.158736482466,1.0,1.0
90,0.154072486737,1.0,1.0
100,0.149690525897,1.0,1.0

Testing Accuracy:,1.0



hops,task_id,data_dir,Training Size,Validation Size,Testing Size
4,1,data/tasks_1-20_v1-2/en-10k,9000,1000,1000

Epoch,Total cost,Training accuracy,Validation Accuracy
10,0.78870965715,1.0,1.0
20,0.33379511704,1.0,1.0
30,0.228917603032,1.0,1.0
40,0.189736981934,1.0,1.0
50,0.161711627094,1.0,1.0
60,0.150234522793,1.0,1.0
70,0.140429702093,1.0,1.0
80,0.133729908004,1.0,1.0
90,0.129695768381,1.0,1.0
100,0.125805264281,1.0,1.0

Testing Accuracy:,1.0



hops,task_id,data_dir,Training Size,Validation Size,Testing Size
5,1,data/tasks_1-20_v1-2/en-10k,9000,1000,1000

Epoch,Total cost,Training accuracy,Validation Accuracy
10,0.653573566,1.0,1.0
20,0.297394106339,1.0,1.0
30,0.206825510366,1.0,1.0
40,0.172578220168,1.0,1.0
50,0.1477838383,1.0,1.0
60,0.137339278706,1.0,1.0
70,0.128705851705,1.0,1.0
80,0.12265161227,1.0,1.0
90,0.119010287221,1.0,1.0
100,0.11558769393,1.0,1.0

Testing Accuracy:,1.0



hops,task_id,data_dir,Training Size,Validation Size,Testing Size
1,2,data/tasks_1-20_v1-2/en-10k,9000,1000,1000

Epoch,Total cost,Training accuracy,Validation Accuracy
10,13386.7745476,0.401666666667,0.364
20,13281.6006165,0.379888888889,0.36
30,12890.2986984,0.410222222222,0.36
40,12881.9038773,0.406,0.362
50,12899.1587715,0.402333333333,0.356
60,12745.1211147,0.409,0.372
70,12737.4253082,0.410555555556,0.383
80,12670.0120621,0.413111111111,0.371
90,12676.0407486,0.411,0.366
100,12669.650322,0.412888888889,0.379

Testing Accuracy:,0.396



hops,task_id,data_dir,Training Size,Validation Size,Testing Size
2,2,data/tasks_1-20_v1-2/en-10k,9000,1000,1000

Epoch,Total cost,Training accuracy,Validation Accuracy
10,13483.8193893,0.394111111111,0.38
20,13516.8167572,0.407222222222,0.407
30,12909.1731224,0.416444444444,0.393
40,12865.3372612,0.416888888889,0.388
50,12832.6182632,0.419555555556,0.402
60,12680.0754395,0.423777777778,0.389
70,12675.4926491,0.426111111111,0.392
80,12599.0591774,0.430555555556,0.399
90,12594.2860146,0.431444444444,0.401
100,12582.0569611,0.433444444444,0.396

Testing Accuracy:,0.4



hops,task_id,data_dir,Training Size,Validation Size,Testing Size
3,2,data/tasks_1-20_v1-2/en-10k,9000,1000,1000

Epoch,Total cost,Training accuracy,Validation Accuracy
10,2001.06942683,0.957666666667,0.955
20,1422.80643196,0.969333333333,0.951
30,374.38169346,0.994,0.987
40,315.672300112,0.993111111111,0.984
50,140.800338093,0.997888888889,0.982
60,64.0736083733,0.998555555556,0.984
70,45.3558848407,0.998888888889,0.985
80,33.047721325,0.998888888889,0.986
90,28.5123847313,0.999111111111,0.986
100,26.2972506117,0.999222222222,0.985

Testing Accuracy:,0.996



hops,task_id,data_dir,Training Size,Validation Size,Testing Size
4,2,data/tasks_1-20_v1-2/en-10k,9000,1000,1000

Epoch,Total cost,Training accuracy,Validation Accuracy
10,1153.52242912,0.962333333333,0.953
20,679.329578716,0.988777777778,0.981
30,6.9846737996,1.0,0.997
40,2.5575820076,1.0,0.997
50,1.59668439964,1.0,0.997
60,1.31993114729,1.0,0.997
70,1.14067388365,1.0,0.997
80,1.02652766243,1.0,0.997
90,0.965922531279,1.0,0.997
100,0.911660431375,1.0,0.997

Testing Accuracy:,0.996



hops,task_id,data_dir,Training Size,Validation Size,Testing Size
5,2,data/tasks_1-20_v1-2/en-10k,9000,1000,1000

Epoch,Total cost,Training accuracy,Validation Accuracy
10,463.901217347,0.987222222222,0.975
20,110.816001245,0.987444444444,0.976
30,1.83753333392,1.0,0.993
40,0.977189750352,1.0,0.993
50,0.668173121521,1.0,0.993
60,0.570933320501,1.0,0.993
70,0.503187747643,1.0,0.993
80,0.459790966619,1.0,0.993
90,0.436097644124,1.0,0.993
100,0.414686186414,1.0,0.993

Testing Accuracy:,0.996



hops,task_id,data_dir,Training Size,Validation Size,Testing Size
1,3,data/tasks_1-20_v1-2/en-10k,9000,1000,1000

Epoch,Total cost,Training accuracy,Validation Accuracy
10,14655.0027885,0.239111111111,0.205
20,14476.6941071,0.241333333333,0.214
30,14082.2133827,0.302666666667,0.245
40,14035.5953636,0.307,0.244
50,13980.4055672,0.276111111111,0.23
60,13758.3146362,0.317111111111,0.228
70,13726.1703072,0.322444444444,0.237
80,13568.012928,0.319666666667,0.24
90,13574.4306145,0.330333333333,0.226
100,13548.426754,0.324222222222,0.238

Testing Accuracy:,0.271



hops,task_id,data_dir,Training Size,Validation Size,Testing Size
2,3,data/tasks_1-20_v1-2/en-10k,9000,1000,1000

Epoch,Total cost,Training accuracy,Validation Accuracy
10,5913.97547007,0.812,0.811
20,5590.59486485,0.836777777778,0.827
30,3862.9171567,0.878111111111,0.859
40,3666.25794077,0.879777777778,0.864
50,3589.5272646,0.878888888889,0.839
60,2674.46440417,0.911222222222,0.851
70,2565.51915866,0.912333333333,0.859
80,2124.39813149,0.932,0.869
90,2064.34470379,0.931666666667,0.866
100,2024.76805937,0.929,0.86

Testing Accuracy:,0.821



hops,task_id,data_dir,Training Size,Validation Size,Testing Size
3,3,data/tasks_1-20_v1-2/en-10k,9000,1000,1000

Epoch,Total cost,Training accuracy,Validation Accuracy
10,6042.91279697,0.834777777778,0.8
20,5460.97902536,0.845333333333,0.817
30,3384.26030374,0.882888888889,0.858
40,3204.59237432,0.893,0.854
50,3027.6502223,0.895111111111,0.829
60,2209.89036632,0.920666666667,0.852
70,2109.45597458,0.925444444444,0.852
80,1697.57103628,0.938,0.84
90,1634.24246585,0.942555555556,0.842
100,1572.7631145,0.942555555556,0.848

Testing Accuracy:,0.845



hops,task_id,data_dir,Training Size,Validation Size,Testing Size
4,3,data/tasks_1-20_v1-2/en-10k,9000,1000,1000

Epoch,Total cost,Training accuracy,Validation Accuracy
10,4975.3656249,0.835666666667,0.802
20,4335.69414663,0.863222222222,0.834
30,2388.97324896,0.916111111111,0.848
40,2006.82044223,0.935666666667,0.841
50,1799.80630073,0.934444444444,0.827
60,773.084669322,0.978444444444,0.845
70,662.889563479,0.982333333333,0.833
80,319.585011534,0.992777777778,0.827
90,261.007932515,0.993888888889,0.827
100,219.514159235,0.995333333333,0.822

Testing Accuracy:,0.838



hops,task_id,data_dir,Training Size,Validation Size,Testing Size
5,3,data/tasks_1-20_v1-2/en-10k,9000,1000,1000

Epoch,Total cost,Training accuracy,Validation Accuracy
10,5210.55756426,0.849111111111,0.826
20,4664.81114459,0.819555555556,0.79
30,1789.70528167,0.936,0.871
40,1315.12019625,0.960666666667,0.885
50,1015.45265443,0.967555555556,0.891
60,89.2277854756,0.997777777778,0.914
70,33.398848346,0.999666666667,0.913
80,18.0668422376,0.999888888889,0.909
90,14.2444137342,0.999888888889,0.909
100,11.6073983472,0.999888888889,0.91

Testing Accuracy:,0.894



hops,task_id,data_dir,Training Size,Validation Size,Testing Size
1,1,../familytask,9000,1000,10000

Epoch,Total cost,Training accuracy,Validation Accuracy
10,4780.3123827,0.620555555556,0.631
20,4762.02486801,0.617888888889,0.628
30,4665.92301846,0.628,0.601
40,4652.23653507,0.631,0.625
50,4659.09525585,0.626,0.628
60,4617.54991913,0.640666666667,0.602
70,4617.10963249,0.637,0.611
80,4595.52550793,0.634777777778,0.637
90,4601.3055172,0.643333333333,0.615
100,4596.0471611,0.646444444444,0.607

Testing Accuracy:,0.6196



hops,task_id,data_dir,Training Size,Validation Size,Testing Size
2,1,../familytask,9000,1000,10000

Epoch,Total cost,Training accuracy,Validation Accuracy
10,17.5147760455,1.0,0.992
20,4.75913588749,1.0,0.994
30,3.11459352821,1.0,0.995
40,2.53564833361,1.0,0.995
50,2.13060478726,1.0,0.995
60,1.96229869709,1.0,0.995
70,1.82486112672,1.0,0.995
80,1.73001048737,1.0,0.995
90,1.67412326694,1.0,0.995
100,1.62163587729,1.0,0.995

Testing Accuracy:,0.9939



hops,task_id,data_dir,Training Size,Validation Size,Testing Size
3,1,../familytask,9000,1000,10000

Epoch,Total cost,Training accuracy,Validation Accuracy
10,5.56784785446,1.0,0.996
20,2.27772830357,1.0,0.997
30,1.53992947517,1.0,0.997
40,1.27025226736,1.0,0.997
50,1.07797974511,1.0,0.997
60,0.99751361378,1.0,0.997
70,0.931243943982,1.0,0.997
80,0.885266002733,1.0,0.997
90,0.857975821011,1.0,0.997
100,0.832401457592,1.0,0.997

Testing Accuracy:,0.9949



hops,task_id,data_dir,Training Size,Validation Size,Testing Size
4,1,../familytask,9000,1000,10000

Epoch,Total cost,Training accuracy,Validation Accuracy
10,3.60550239542,1.0,0.997
20,1.47628059553,1.0,0.998
30,0.996062426013,1.0,0.998
40,0.822035940713,1.0,0.998
50,0.697886319133,1.0,0.998
60,0.646148102591,1.0,0.998
70,0.603528658568,1.0,0.998
80,0.573658797599,1.0,0.998
90,0.556134269224,1.0,0.998
100,0.539645243145,1.0,0.998

Testing Accuracy:,0.9953



hops,task_id,data_dir,Training Size,Validation Size,Testing Size
5,1,../familytask,9000,1000,10000

Epoch,Total cost,Training accuracy,Validation Accuracy
10,2.9770475002,1.0,0.997
20,1.16885761661,1.0,0.997
30,0.777472104295,1.0,0.997
40,0.635933751124,1.0,0.997
50,0.536171044398,1.0,0.997
60,0.495004492783,1.0,0.997
70,0.461100129149,1.0,0.997
80,0.437566964247,1.0,0.997
90,0.423679406551,1.0,0.997
100,0.410556072311,1.0,0.997

Testing Accuracy:,0.996



hops,task_id,data_dir,Training Size,Validation Size,Testing Size
1,2,../familytask,9000,1000,10000

Epoch,Total cost,Training accuracy,Validation Accuracy
10,18070.6087952,0.218444444444,0.213
20,17692.7704926,0.207666666667,0.202
30,17298.661972,0.277888888889,0.257
40,17235.8305321,0.280666666667,0.275
50,17210.3816109,0.282333333333,0.252
60,17007.8529854,0.282444444444,0.247
70,17010.8684998,0.272555555556,0.25
80,16883.5171661,0.278555555556,0.255
90,16880.2802658,0.278555555556,0.244
100,16874.1415787,0.287111111111,0.259

Testing Accuracy:,0.2276



hops,task_id,data_dir,Training Size,Validation Size,Testing Size
2,2,../familytask,9000,1000,10000

Epoch,Total cost,Training accuracy,Validation Accuracy
10,14247.0432625,0.379888888889,0.289
20,13530.1699715,0.461444444444,0.327
30,11861.0375633,0.509,0.355
40,11107.2969398,0.555555555556,0.367
50,10401.5875797,0.561666666667,0.38
60,8853.9475565,0.631333333333,0.43
70,8494.13827324,0.637111111111,0.454
80,7673.67792892,0.678222222222,0.466
90,7492.621315,0.683555555556,0.474
100,7350.57803535,0.685,0.466

Testing Accuracy:,0.4625



hops,task_id,data_dir,Training Size,Validation Size,Testing Size
3,2,../familytask,9000,1000,10000

Epoch,Total cost,Training accuracy,Validation Accuracy
10,11876.6647987,0.555444444444,0.493
20,10966.7559052,0.578333333333,0.472
30,8335.91064072,0.687,0.532
40,8078.72762108,0.684777777778,0.526
50,7755.79970646,0.688888888889,0.5
60,6545.85589409,0.735888888889,0.526
70,6447.3017168,0.750777777778,0.516
80,5763.92369843,0.771,0.526
90,5702.90337849,0.778333333333,0.523
100,5630.70741081,0.778333333333,0.517

Testing Accuracy:,0.5127



hops,task_id,data_dir,Training Size,Validation Size,Testing Size
4,2,../familytask,9000,1000,10000

Epoch,Total cost,Training accuracy,Validation Accuracy
10,11895.2419147,0.536333333333,0.423
20,9651.03554535,0.579333333333,0.48
30,7031.48352623,0.715111111111,0.524
40,6511.36175632,0.750111111111,0.532
50,6184.63837767,0.775333333333,0.526
60,4516.97162056,0.841555555556,0.513
70,4306.1286726,0.858222222222,0.528
80,3412.07924652,0.885444444444,0.514
90,3322.79063582,0.891222222222,0.517
100,3211.02977443,0.897444444444,0.507

Testing Accuracy:,0.4948



hops,task_id,data_dir,Training Size,Validation Size,Testing Size
5,2,../familytask,9000,1000,10000

Epoch,Total cost,Training accuracy,Validation Accuracy
10,10988.4431133,0.562222222222,0.489
20,10078.6006927,0.592111111111,0.482
30,8020.87973499,0.676555555556,0.473
40,7528.26806164,0.699,0.474
50,7274.75789452,0.715333333333,0.472
60,6099.48326111,0.749555555556,0.462
70,5858.40606689,0.766,0.462
80,5320.54044151,0.782444444444,0.455
90,5206.23720837,0.790333333333,0.454
100,5119.00676632,0.798888888889,0.447

Testing Accuracy:,0.4323



hops,task_id,data_dir,Training Size,Validation Size,Testing Size
1,3,../familytask,9000,1000,10000

Epoch,Total cost,Training accuracy,Validation Accuracy
10,18151.5741196,0.215111111111,0.141
20,17853.3772469,0.245222222222,0.179
30,17365.7966766,0.253888888889,0.167
40,17178.1418343,0.256666666667,0.165
50,17069.667511,0.274666666667,0.176
60,16813.8423119,0.280777777778,0.148
70,16773.1146126,0.280111111111,0.164
80,16633.6334305,0.286555555556,0.152
90,16600.4048958,0.290777777778,0.158
100,16571.8158989,0.288222222222,0.155

Testing Accuracy:,0.1845



hops,task_id,data_dir,Training Size,Validation Size,Testing Size
2,3,../familytask,9000,1000,10000

Epoch,Total cost,Training accuracy,Validation Accuracy
10,14399.6072464,0.414666666667,0.342
20,13979.4461784,0.385222222222,0.338
30,12629.4579048,0.467555555556,0.341
40,12440.8445282,0.465555555556,0.368
50,12374.5716305,0.481,0.341
60,11464.9036312,0.513777777778,0.342
70,11325.5206146,0.518111111111,0.36
80,10812.3400307,0.541777777778,0.361
90,10723.7034588,0.545444444444,0.365
100,10643.401186,0.537777777778,0.341

Testing Accuracy:,0.34



hops,task_id,data_dir,Training Size,Validation Size,Testing Size
3,3,../familytask,9000,1000,10000

Epoch,Total cost,Training accuracy,Validation Accuracy
10,13234.5636864,0.453222222222,0.371
20,12481.0373058,0.494555555556,0.357
30,10342.8897591,0.560111111111,0.354
40,10068.9437637,0.583666666667,0.346
50,9886.78193092,0.593777777778,0.37
60,8500.39518166,0.647555555556,0.381
70,8341.40077209,0.648555555556,0.392
80,7597.27423763,0.678666666667,0.382
90,7484.37136936,0.688444444444,0.375
100,7369.39634228,0.691111111111,0.38

Testing Accuracy:,0.3949



hops,task_id,data_dir,Training Size,Validation Size,Testing Size
4,3,../familytask,9000,1000,10000

Epoch,Total cost,Training accuracy,Validation Accuracy
10,12256.4566479,0.483777777778,0.403
20,11468.1428051,0.442777777778,0.336
30,9048.82033157,0.632444444444,0.429
40,8583.09111786,0.630777777778,0.434
50,8456.09723091,0.657777777778,0.428
60,6850.52762032,0.706333333333,0.419
70,6699.67032719,0.724222222222,0.417
80,5900.30328512,0.759,0.403
90,5757.36951828,0.765,0.405
100,5632.73217583,0.770666666667,0.396

Testing Accuracy:,0.416



hops,task_id,data_dir,Training Size,Validation Size,Testing Size
5,3,../familytask,9000,1000,10000

Epoch,Total cost,Training accuracy,Validation Accuracy
10,10673.2695637,0.564111111111,0.454
20,9255.88303947,0.628555555556,0.463
30,6796.77469444,0.702444444444,0.491
40,6370.41369247,0.729777777778,0.5
50,6124.55564308,0.732,0.507
60,4638.67900181,0.804777777778,0.496
70,4471.11481428,0.810111111111,0.507
80,3836.18973684,0.839444444444,0.5
90,3687.69851112,0.844222222222,0.491
100,3622.39840746,0.849666666667,0.48

Testing Accuracy:,0.4799



